$ 1 0.000001 0.6520819120330112 50 5 43 5e-11
R 96 208 96 144 0 0 40 5 0 0 0.5
s 160 208 256 208 0 1 true
r 304 208 416 208 0 1000000
c 304 208 304 256 0 1e-10 0.437243428138733 0.001
g 416 208 416 272 0 0
g 304 256 304 272 0 0
r 96 208 160 208 0 1
w 256 208 304 208 0
r 96 320 160 320 0 1
207 320 336 384 336 4 2\spin\sself
g 320 384 320 400 0 0
c 320 336 320 384 0 1e-10 8.627389619394492e-11 0.001
r 256 336 320 336 0 1000000
R 96 320 96 256 0 0 40 5 0 0 0.5
S 256 336 160 336 0 0 false 0 2
g 96 352 96 400 0 0
r 96 352 160 352 0 1
r 96 544 160 544 0 1
g 96 544 96 592 0 0
S 256 528 160 528 0 0 false 0 2
R 96 512 96 448 0 0 40 5 0 0 0.5
r 304 528 304 464 0 1000000
c 256 528 304 528 0 1e-10 -2.4999999999995537 0.001
g 304 592 304 608 0 0
r 96 512 160 512 0 1
r 304 592 304 528 0 1000000
R 304 464 304 432 0 0 40 5 0 0 0.5
207 304 528 368 528 4 2\spin\smutual
207 304 208 304 144 4 1\spin\sself
o 9 2 0 x83012 5.452298034747684 0.0001 0 6 1.3630745087 0 9 3 0.000025 0 27 0 1.363074508686921 0 27 3 0.000025 0 28 0 1.363074508686921 0 28 3 0.000025 0
